111011
110101
111001
111011
000110
110111
000110
110010
110001
001000
110011
111100
111010
110001
001111
001111
010000
110011
110100
110010
110000
110011
000100
110100
001110
111000
001110
110001
111101
000111
001100
110100
000101
111010
010000
111000
111000
111000
110001
110110
001000
000110
110110
001111
110111
110111
001101
001110
001010
001000
111010
000110
110000
001110
001101
001101
110111
001100
000100
001100
001101
001110
110111
001110
001101
001000
110011
001110
110011
001110
110000
000100
110000
111001
110100
001111
001011
001110
001011
001110
001010
000111
001111
110110
111010
001100
111101
001110
111010
110001
001010
110111
001110
110101
001011
001101
111001
010000
110011
010000
110110
001011
110100
110001
001100
111010
111001
111010
001100
110001
000101
110010
110110
001010
110011
000111
110010
111001
110010
110110
110101
111111
110001
110111
000110
111001
010000
001010
110111
001011
111000
000110
001110
001010
111010
111001
111010
110111
110111
000110
110010
001000
000110
110010
110011
110101
001110
110001
110101
110000
001110
110010
001101
111000
001110
110010
110011
111010
000111
001111
110110
000101
110101
110010
110000
110010
010000
001000
110101
001101
111101
001111
001101
010000
110011
001100
001001
110001
110101
001111
001101
111000
111010
001100
110001
111000
111100
111001
110101
001010
000111
001101
001101
110001
110100
000010
001100
001100
001111
000110
001010
110110
001000
001101
010000
001111
110110
000101
111100
110010
110000
001101
110111
001100
010000
110100
001010
001000
111001
110011
111000
110010
001011
110011
001101
110001
110110
001101
110001
110101
001100
001101
111101
010000
001101
000110
001000
000100
001011
111001
110010
001110
111101
001110
110101
000111
111010
001101
001110
000011
001001
110001
110100
110100
110010
001111
111011
111001
110001
001011
001100
001110
010000
110001
110111
110011
001011
111001
001111
000011
110000
110010
001001
110001
001100
110001
110001
110011
111000
110010
001011
110010
111000
010000
001001
001110
110000
000011
000001
111000
001000
001110
110011
001101
111110
001100
001110
110010
110000
110001
110001
110100
001001
001111
000111
001100
001110
001111
110101
010000
110100
001110
001111
001111
110110
001100
000111
111010
110010
110101
001011
001110
001111
001010
001100
000101
110110
110110
001011
001000
001101
110011
001111
110110
110100
110100
001100
001000
111001
001011
001000
001101
000101
001111
110011
001111
111101
001010
111010
110001
110111
001111
000110
111110
111100
110110
001011
001110
000111
110001
001101
110010
111011
000101
110010
000101
110101
000111
110010
110110
110110
001010
110100
111000
001100
001101
110011
110001
000101
111001
110010
000101
110001
111010
110011
110001
110011
001101
111000
000111
001111
000110
001100
110010
001111
110001
001001
001001
010000
001101
000111
110001
001110
110001
110010
000101
001010
001100
111000
001111
010000
000110
001111
001100
001100
001100
001110
010000
001110
111000
110000
110000
000111
001101
111000
000010
110000
001111
110011
001011
001100
110111
001100
110111
111101
000110
111010
001011
110101
000111
001000
110011
110001
001111
001100
001001
110011
110000
110000
110010
001011
110000
001100
001110
110001
001100
110110
001111
110101
110010
001011
001000
001000
110100
001100
001101
000101
001010
110011
001100
111111
110001
111000
110010
110001
110100
110110
110001
110000
000101
001111
001011
001110
000111
001110
111001
001000
110010
110001
111011
001011
111001
110010
000111
111011
001011
000101
000111
001100
111110
001010
001000
111100
110100
001001
110001
110010
001111
001100
000101
001110
001001
110100
110110
111000
110101
001101
001001
110110
110010
111011
001011
010000
110101
010000
001000
111100
110001
001111
000111
010000
001001
111000
001011
001101
001110
111010
110110
110110
110001
010000
110111
111001
111001
110001
010000
110110
110011
111110
001001
110011
001110
000110
111101
110110
001111
001100
000111
111000
110010
111000
001110
110000
110010
111111
110001
111011
110001
110011
110001
110001
001111
001101
001000
110001
001010
001101
110010
000101
110001
001101
110111
000110
001111
110110
001100
001111
001111
001111
110001
110100
110010
110110
111100
001010
110000
001000
000100
001000
110000
001101
001010
110110
001111
111001
000011
001011
001100
111101
001000
000101
001001
110000
001110
001110
001001
111001
110111
000111
110000
001001
110101
111000
110011
110000
110010
110100
110110
001001
001110
001111
001100
000110
111101
110100
110001
001110
001110
111001
110100
110010
110001
110000
000111
001000
001110
110110
110111
110010
001110
000001
111001
001100
001101
110010
001111
000100
001110
000101
110000
000110
110010
001110
001011
000111
000111
110111
001001
110101
111000
000111
000110
111000
001111
110011
110111
110101
111100
001110
000111
000111
001010
010000
110100
001110
111001
110101
111000
110001
001110
110010
010000
111100
000111
111100
001000
001101
010000
111101
110011
001000
001100
001111
001111
001100
001110
001100
001111
001111
110010
001101
111010
110100
000101
001110
001101
000110
111100
001001
110011
110100
110001
010000
110010
000111
110010
110110
110000
110100
001000
111111
001000
001000
001100
000010
110110
001011
111100
001110
001101
001111
110000
010000
001101
111000
001111
110010
110101
110001
111110
001010
111011
110001
111101
001011
110010
001000
010000
001100
001010
110010
000101
000110
001001
110010
110001
110000
001000
110001
110011
110110
001100
001101
001101
110001
001011
000101
000010
110100
110010
001110
000110
110011
110011
001110
001101
001010
001111
000110
001110
111010
001100
111001
001110
110000
110001
000111
001100
001100
000011
001111
111000
000111
001000
110011
110101
110001
001001
110010
110100
001001
111000
001011
110010
001110
001101
001101
000111
110100
111100
000011
010000
000110
001111
001101
110001
001101
110010
110011
001101
111001
001110
110101
111000
110011
000011
110001
001111
001011
110101
000111
001101
001110
110011
000100
110010
110101
000111
001000
111101
110010
110100
010000
110110
110001
110101
001101
000011
001110
001001
110001
110001
001011
001001
111001
110001
001110
001100
110010
000010
110010
001101
111100
001010
001010
000101
000110
001001
110001
110101
110101
001011
111010
110100
110011
001001
110100
110100
001110
110010
000110
000011
000101
111010
111000
000001
110010
111000
000111
000111
110011
001001
001101
001111
110010
110001
001110
001001
001101
001110
110010
001111
110000
001110
110010
111010
001000
001001
110100
001010
110111
111101
000011
110010
111011
110011
110101
001111
110100
001101
110010
001111
001001
001110
000100
110011
001010
001110
001001
110011
001110
001100
001111
110101
000111
001010
110101
001001
110101
110011
001101
110000
001101
001011
001101
001001
000011
111101
110010
110010
001100
111000
001110
000101
001010
001010
000011
110101
001111
110010
110100
001101
110001
111110
110000
001101
111100
001011
001010
111001
110001
110011
110101
111010
110001
000010
110010
110011
001101
110100
010000
001010
001100
111110
110100
001110
111101
110001
001100
110110
